FD010113
00000000
00000000
00000000
02812623
00000000
00000000
00000000
03010413
00000000
00000000
00000000
0000B7B7
00000000
00000000
00000000
BCD78793
00000000
00000000
00000000
FEF42623
00000000
00000000
00000000
FC042823
00000000
00000000
00000000
FC042A23
00000000
00000000
00000000
FC042C23
00000000
00000000
00000000
FC042E23
00000000
00000000
00000000
FE042023
00000000
00000000
00000000
00E00793
00000000
00000000
00000000
FEF42423
00000000
00000000
00000000
00700793
00000000
00000000
00000000
FEF42223
00000000
00000000
00000000
FE842703
00000000
00000000
00000000
FE442783
00000000
00000000
00000000
00F707B3
00000000
00000000
00000000
FCF42823
00000000
00000000
00000000
FE442783
00000000
00000000
00000000
FE842703
00000000
00000000
00000000
00F717B3
00000000
00000000
00000000
FCF42A23
00000000
00000000
00000000
FD442783
00000000
00000000
00000000
FE842703
00000000
00000000
00000000
40F707B3
00000000
00000000
00000000
FCF42C23
00000000
00000000
00000000
FE842783
00000000
00000000
00000000
00F7F793
00000000
00000000
00000000
FCF42E23
00000000
00000000
00000000
FE842703
00000000
00000000
00000000
FE442783
00000000
00000000
00000000
00F747B3
00000000
00000000
00000000
FEF42023
00000000
00000000
00000000
00000793